time,x,y,z,phi,theta,psi,x_velocity,y_velocity,z_velocity,phi_velocity,theta_velocity,psi_velocity,rotor_speed1,rotor_speed2,rotor_speed3,rotor_speed4
0.06,-1.55617280877e-07,-9.84661201922e-08,10.0072623729,6.28303589211,0.000139490989775,0.0,-1.42174425815e-05,-1.18178499607e-05,0.242058503251,-0.00800517000535,0.0066107138039,0.0,479.9380533849176,480.43940224544446,479.8415831677642,479.2336538642819
0.12000000000000001,-5.79356057911e-06,-6.01416877844e-06,10.0256953413,6.28223986616,0.00072527259071,0.0,-0.000226706793264,-0.000250222028698,0.372339595604,-0.0267043596962,0.0154208716347,0.0,445.85750324465806,446.576478486927,447.5121079880733,445.9877686190809
0.18,-3.85386583263e-05,-4.69112220895e-05,10.0518287395,6.28121266284,0.00139136486354,0.0,-0.000950957500222,-0.00124713828507,0.498726122479,-0.00273885000046,0.00064300473207,0.0,445.76670577485726,444.5575490065748,444.57625806496685,446.5352694631324
0.23999999999999996,-0.000125717147651,-0.000164809469519,10.0857003183,6.28125039963,0.00119716637898,0.0,-0.00194812045345,-0.00268864886887,0.630262619937,0.00663308642349,-0.0124180396997,0.0,447.79233828761085,446.72881293943976,446.5074437056477,447.2712435536767
0.3,-0.00026375682771,-0.000363497886171,10.1258905992,6.28139025346,0.000145153494969,0.0,-0.00256696777855,-0.00390582932733,0.709367319072,-0.00807746180168,-0.0304832756874,0.0,430.68449390658316,429.1540763456133,431.9888612274118,430.7467840186703
0.36000000000000004,-0.000415662804881,-0.000639757388721,10.173015691,6.28086987269,6.28276468504,0.0,-0.00238433506651,-0.00535772493145,0.861366338318,-0.00989155906364,0.0152483237328,0.0,451.9149260610583,455.585656983527,453.58910875876904,453.4435408737366
0.4200000000000001,-0.00055365353135,-0.0010114062816,10.2278377148,6.28052450982,0.000657200050001,0.0,-0.00231818449095,-0.00707747612801,0.965951396252,0.00144438932801,0.0229055143803,0.0,439.03331011413337,439.66803020004426,438.42083756419487,439.3616598805402
0.48000000000000015,-0.000710364549534,-0.00148721623744,10.2874838802,6.28062199019,0.00166415208921,0.0,-0.00302329054759,-0.00877393179076,1.02220508973,0.00198285040692,0.000266100101562,0.0,424.8414304422138,422.89601667539165,423.6123430634389,423.6586028070785
0.5400000000000001,-0.000929217503602,-0.00207061628914,10.3536457885,6.28026913126,0.00132409099167,0.0,-0.00425794241211,-0.0106756959151,1.18303906668,-0.030286603849,-0.0214744972507,0.0,457.62592407097475,455.89238148748643,458.22991553949623,455.6578015273026
0.6000000000000002,-0.0012100401581,-0.00278548998346,10.4298244453,6.27845763175,0.000450883877969,0.0,-0.00498374060453,-0.0133574762039,1.35605962374,-0.0300024738602,-0.00342634422835,0.0,459.9618280018692,461.3888676910894,461.06909879089335,461.0912855276155
0.6600000000000003,-0.0015170417105,-0.00368572141513,10.5130558589,6.27670804986,6.08270475615e-05,0.0,-0.00522171974585,-0.0168209086545,1.4182445764,-0.0275255537342,-0.0134951973716,0.0,426.5390756005214,425.6784974518195,426.95559232562806,427.1665547499768
0.7200000000000003,-0.00182850384265,-0.00483358850559,10.6011273992,6.27598365759,6.28243076024,0.0,-0.00507759601202,-0.0215506659747,1.51734611586,0.00819648811345,-0.0137789701377,0.0,438.788099708044,438.76465572720883,436.9711867985111,439.938685523184
0.7800000000000004,-0.00211232788008,-0.00629206535752,10.6977610907,6.27622568166,6.2818388062,0.0,-0.00430315106344,-0.0270193909397,1.70351852487,-0.00596316843969,-0.00300673584065,0.0,465.1584242802578,466.0012845054149,466.3054583206042,465.1980664374628
0.8400000000000004,-0.00233998223404,-0.00807042396221,10.804706589,6.27541070788,6.28196833347,0.0,-0.0032846180064,-0.0323136396173,1.86108784968,-0.0366882474954,0.0108828289837,0.0,457.24388293121564,458.3489622139317,458.6264704771415,456.17979077710953
0.9000000000000005,-0.00251336229977,-0.010186883678,10.9204383651,6.27275735905,6.28274262069,0.0,-0.00257177214171,-0.038485254252,1.99640931275,-0.0668812500815,0.0166695701628,0.0,451.2425464977311,451.70929256744535,452.36816800042027,449.9291334991974
0.9600000000000005,-0.00266216549612,-0.012730759569,11.0435998591,6.2689733162,0.000286932765297,0.0,-0.00248027364532,-0.0467121226543,2.10876828226,-0.056364618119,0.00112946833607,0.0,445.16468951911617,443.8912238841261,444.392515928132,445.2507568828046
1.0200000000000005,-0.00281777960521,-0.0158750922996,11.1754825536,6.26546047228,9.14199752113e-05,0.0,-0.00270165996536,-0.0584849274718,2.28697603838,-0.0633133545355,-0.0139234237688,0.0,465.64952654878107,464.47059814480934,465.7344672392971,465.188454760893
1.0800000000000005,-0.00297869311704,-0.0197235660048,11.3134538526,6.26157638358,6.2824077749,0.0,-0.00258467342835,-0.070145648292,2.31200966596,-0.0677395427089,-0.0156248427424,0.0,417.59003643730586,417.4416912704528,418.07261688722076,417.6834123135262
1.1400000000000006,-0.00311209057941,-0.0244631754268,11.4582588981,6.25764197933,6.28207626238,0.0,-0.00179408582975,-0.0882999269217,2.51439095866,-0.0615612356518,0.00943943611571,0.0,472.18527845755983,474.1149098388822,473.17000473259395,473.6424747389714
1.2000000000000006,-0.00319712969984,-0.030349956743,11.6139069392,6.25390990288,6.2823164142,0.0,-0.00108908216941,-0.108327796137,2.67350656432,-0.0635124817701,-0.0100313160399,0.0,461.9144813415894,460.3764496286372,461.4866406487485,461.3299672844802
1.2600000000000007,-0.00324199417669,-0.0374792707696,11.7776504878,6.24991648881,6.28182984886,0.0,-0.000350524514378,-0.129711460421,2.78433425512,-0.0734684071925,-0.00451879337494,0.0,447.0590747426198,447.50812543003184,447.6064330887239,446.79216761760546
1.3200000000000007,-0.00323454218463,-0.0459597459486,11.9475186361,6.24564166061,6.28184437815,0.0,0.000610169676769,-0.153401366479,2.87768939113,-0.067140568955,0.00837851035891,0.0,441.2962599929901,442.35958749481307,442.6334005149839,443.1499126448355
1.3800000000000008,-0.00317173133776,-0.0559996983008,12.1243374036,6.24132636766,6.28307183389,0.0,0.00138230848771,-0.181696714571,3.01589483719,-0.0837863979069,0.0375318362592,0.0,455.82612369821186,458.14994164916243,457.2854624515881,455.9535849768984
1.4400000000000008,-0.00309440114627,-0.0676811853894,12.3058470358,6.23660752872,0.00223555846084,0.0,0.000988137265849,-0.208120955311,3.03435445279,-0.0699664297793,0.0422051110962,0.0,418.83343005344085,419.2405499266778,419.3174721202318,420.51091687243627
1.5000000000000009,-0.00308710904211,-0.0810693476202,12.4892548194,6.23214695156,0.00525132016976,0.0,-0.00100861804257,-0.238549980452,3.07909389039,-0.0849648179455,0.0628286646229,0.0,426.7825159344511,428.5408281852802,429.55819015569955,428.2797487588178
1.560000000000001,-0.00328523167422,-0.0965670735205,12.6791104507,6.22718251034,0.0101651173243,0.0,-0.00609766197939,-0.278581142871,3.24892044354,-0.078629597811,0.105114874247,0.0,465.902830142262,469.20185984270745,467.42054484972834,467.9087874546134
1.620000000000001,-0.00393232021983,-0.114680361537,12.880943322,6.22255621658,0.017761163552,0.0,-0.016329166456,-0.325722061661,3.47812159718,-0.07421931276,0.151563423434,0.0,485.09785339476497,488.585193541096,485.0752459060054,485.40215477552937
1.680000000000001,-0.00529879027492,-0.135444894744,13.0918094579,6.217982648,0.0270010408796,0.0,-0.0301152016543,-0.366856115106,3.55047257082,-0.0805738086417,0.158464281235,0.0,439.81726027525053,440.4110584225271,440.4937605759859,439.9632665456277
1.740000000000001,-0.00763754905279,-0.158677207137,13.3056172034,6.21344292754,0.0365860237355,0.0,-0.0487122197743,-0.407973045954,3.57630677335,-0.0673097395213,0.162200902939,0.0,424.85527639250523,425.2010428539388,425.90713680533565,427.03528483695095
1.8000000000000012,-0.0112610671384,-0.184441338203,13.5207324391,6.20942070349,0.0462126956874,0.0,-0.0729413946907,-0.451187870834,3.59407266657,-0.0664974964222,0.156682994719,0.0,424.1069600992796,423.6585523427107,422.92105308735245,422.98740294647325
1.8600000000000012,-0.0166408810333,-0.213069476951,13.7395571875,6.2050441431,0.0557834164229,0.0,-0.107347372094,-0.503480636224,3.6996524209,-0.090708652918,0.164635932632,0.0,450.80850794003493,451.47438200809273,453.50930969306785,451.556043108254
1.9200000000000013,-0.024149461426,-0.244743065717,13.9623269383,6.20000624912,0.0655274214356,0.0,-0.143829334254,-0.552770291096,3.72580969392,-0.0730761056304,0.157511898361,0.0,426.2451209700589,425.66216694421433,428.1892063881222,429.6805131260398
1.9800000000000013,-0.0345392836448,-0.280101862114,14.1942373202,6.19594440234,0.0744791203503,0.0,-0.203630038702,-0.626310802659,4.00344621899,-0.0586735938464,0.122195773413,0.0,504.0610081348733,501.5195503835272,504.1775716501524,505.214201295811
2.0400000000000014,-0.0485392049529,-0.319741064558,14.4401360212,6.19264200292,0.0823239857109,0.0,-0.263860547282,-0.695323266634,4.19236353415,-0.0486180447602,0.1439079475,0.0,479.19275371381144,480.85450366376557,480.6113415785874,481.37110905373515
2.1000000000000014,-0.0661637678632,-0.363402908128,14.6952424133,6.18927308823,0.0905969711473,0.0,-0.324476645798,-0.760346953435,4.31059727714,-0.0787845212955,0.121763441671,0.0,462.2711424433114,460.53926879872324,461.8337948004446,459.44573194355866
2.1600000000000015,-0.0877124846819,-0.411163434624,14.9586760724,6.1849064289,0.0978394404603,0.0,-0.394560866253,-0.832106508653,4.46973824356,-0.0628782469926,0.118510525464,0.0,474.88986175948327,474.6523826187255,473.76952777131794,474.9872035401567
2.2200000000000015,-0.112961234066,-0.462660489263,15.2249565046,6.18137340258,0.104887172832,0.0,-0.447637631745,-0.884766659857,4.40639208383,-0.051902022705,0.115280701987,0.0,405.5513586882971,405.27494095343013,403.66420366516866,404.6507777280695
2.2800000000000016,-0.142278842126,-0.518113093191,15.4946373179,6.17806418347,0.111911548429,0.0,-0.530327477067,-0.963937099011,4.58208632892,-0.062609505008,0.120432920668,0.0,480.67021203638086,481.07166885069347,481.3217154848221,480.5087811416813
2.3400000000000016,-0.176890092065,-0.578551385247,15.7763122101,6.17424877839,0.118882735855,0.0,-0.624126684769,-1.05101931809,4.80592559075,-0.0656261417181,0.105955987572,0.0,497.3868882160317,496.33584700810565,496.4619329663836,496.2380395228214
2.4000000000000017,-0.217288921777,-0.644301119232,16.0713232224,6.17025897847,0.125372988577,0.0,-0.723148749179,-1.14099676154,5.02657871318,-0.0682962513939,0.112265306627,0.0,497.51640419003417,497.9870888144546,498.2189729020312,498.0209200062347
2.4600000000000017,-0.263175231505,-0.71499897486,16.3747479965,6.16664748913,0.132043104486,0.0,-0.806997949422,-1.21592515094,5.08708765028,-0.0475685320158,0.108881803122,0.0,452.0696017998008,451.80756182094825,452.18141001084746,453.8457185981904
2.520000000000002,-0.314774224118,-0.790739324099,16.6858618036,6.16405180739,0.13875984112,0.0,-0.91360863954,-1.30895061875,5.28221968495,-0.0358028689341,0.117455534113,0.0,492.93051445873374,493.5734897433108,494.2388550627072,495.1045028866629
2.580000000000002,-0.372250011945,-0.871542741846,17.003848486,6.16154426366,0.146450486492,0.0,-1.00290494318,-1.38467876992,5.31693405315,-0.0577991750893,0.14381353651,0.0,446.87024930669537,449.02845371333916,448.4570666500431,446.66544045307745
2.640000000000002,-0.435140004359,-0.956865099935,17.3232644557,6.15793246275,0.154598411585,0.0,-1.0941642519,-1.45969313911,5.32991963166,-0.065481199189,0.110601102713,0.0,442.5473285399341,439.82106356283384,442.5277727332474,441.89225298610825
2.700000000000002,-0.502970506616,-1.04621347093,17.6391513628,6.15440477751,0.161530941668,0.0,-1.16740235099,-1.51890822848,5.20002849631,-0.0479796039454,0.123934461654,0.0,392.94118978995124,394.1892526109589,392.6974973763131,394.3149404296319
2.760000000000002,-0.57676526707,-1.14031663875,17.9560967264,6.15122377625,0.169107441351,0.0,-1.29311659099,-1.61807840179,5.36368980501,-0.06570445212,0.130583144174,0.0,487.54964510241996,488.05915124890055,489.1234340631484,487.7997662778744
2.820000000000002,-0.657840900152,-1.2401096805,18.2803026543,6.14779242244,0.17646055227,0.0,-1.41008113905,-1.70864531955,5.44242863179,-0.0440665602341,0.0972536416306,0.0,465.62266357513414,463.0197282200068,464.5779686140767,466.26951527631684
2.880000000000002,-0.744893645524,-1.34450890869,18.6026630711,6.14532791715,0.182140423613,0.0,-1.4921724597,-1.77158732378,5.30334845765,-0.0356798543541,0.088910406768,0.0,393.2293043072276,392.4643544248528,393.7690417571881,394.5431560680928
2.940000000000002,-0.838079979348,-1.45356084455,18.9227000865,6.14303710849,0.187459355193,0.0,-1.61448049281,-1.86363821268,5.36393828784,-0.0437178161621,0.088120937312,0.0,459.2544287471398,459.1980569314172,460.95040684308185,460.3139920234396
3.000000000000002,-0.93846889275,-1.56800609836,19.245080036,6.14060250579,0.192351295547,0.0,-1.73224652176,-1.9514080615,5.38164821542,-0.0349383957426,0.0631828199174,0.0,448.5122591386766,446.48701007554126,447.3940412646609,448.10756504995317
3.0600000000000023,-1.04625383365,-1.68793996922,19.5697187525,6.13858459226,0.196373605397,0.0,-1.86088889158,-2.04653693093,5.43903672888,-0.0311396539586,0.0738059064028,0.0,460.0875127238723,460.9311206380697,461.5069420002541,461.8063253985354
3.1200000000000023,-1.16238864031,-1.81401873307,19.9004790993,6.13617497787,0.200879736557,0.0,-2.01058974007,-2.15618513517,5.58518505737,-0.072336085087,0.0775749370291,0.0,488.4151302489486,488.70005842581133,491.6621835991955,488.5988498506915
3.1800000000000024,-1.28553545521,-1.94524835753,20.2299308059,6.13220619031,0.20592011506,0.0,-2.09478210251,-2.21851864896,5.39718566399,-0.0559973846401,0.0944801093009,0.0,380.1410960847505,381.7649515484743,379.61564377328074,381.1764860053295
3.2400000000000024,-1.41407431937,-2.08046399061,20.549356699,6.12876756176,0.211892210097,0.0,-2.19037341445,-2.28899677753,5.25072516858,-0.0600739942435,0.108093041876,0.0,393.8674778779077,395.134568649688,395.0091873255724,394.63026050368
3.3000000000000025,-1.5498664317,-2.22098020329,20.8664954017,6.12536485509,0.218155269877,0.0,-2.33655617595,-2.39514012404,5.31973228292,-0.0507191771498,0.0956922738226,0.0,466.8265013745965,465.86655746929966,466.4118922151745,467.14000760185905
3.3600000000000025,-1.69426831864,-2.36772894285,21.1864435146,6.12214258402,0.224119465936,0.0,-2.47732500883,-2.49672946043,5.34460555246,-0.0604640482308,0.105944044221,0.0,454.1021199954536,454.9321170520194,454.5893068706827,453.8057421794829
3.4200000000000026,-1.84770003865,-2.52096387304,21.5098328535,6.11866443402,0.231068341787,0.0,-2.63760420797,-2.61135105643,5.43400981162,-0.0533975125128,0.130511132972,0.0,475.4304285050956,477.3200383306252,475.17361426998923,475.7130260879107
3.4800000000000026,-2.00987875447,-2.68043750016,21.8342604952,6.11509246182,0.238978985882,0.0,-2.769016475,-2.70472146681,5.37998035337,-0.0760867852883,0.134382262763,0.0,432.0617865160157,432.4046011410318,432.64817861834166,430.7303576568583
3.5400000000000027,-2.18127892113,-2.84640031468,22.1602166273,6.11134625506,0.247496695693,0.0,-2.94499648447,-2.82764446352,5.4839619397,-0.0438221855929,0.153923667672,0.0,482.04529060514534,483.5367462350784,482.4754533016656,484.9029303479368
3.6000000000000028,-2.36216269153,-3.01895896496,22.4874383629,6.10922090767,0.256721118306,0.0,-3.08522932728,-2.92451672215,5.42312692634,-0.0224372912865,0.153371727188,0.0,433.6131406582704,433.58971927752117,431.57018967382436,433.37117530435216
3.660000000000003,-2.55218271246,-3.19773720668,22.8130609982,6.10747153118,0.266153822972,0.0,-3.2495384501,-3.03484406153,5.43022896356,-0.0480638243165,0.163950071755,0.0,455.4818915651973,456.3499138225411,457.61228981676174,455.56699201223665
3.720000000000003,-2.75160393346,-3.38276829496,23.1367497176,6.10435661428,0.275692720492,0.0,-3.3986348054,-3.13311159412,5.35905448216,-0.0610121129268,0.146531711433,0.0,432.97252026005765,431.5287740920154,432.07009958899147,430.97491476557417
3.780000000000003,-2.9605470178,-3.57401391387,23.4575488709,6.10079453976,0.284524426204,0.0,-3.56685058803,-3.24201456201,5.33359767942,-0.0562684001654,0.148488369383,0.0,448.05785807077666,448.23704443994797,447.8740762442642,448.25737202471305
3.840000000000003,-3.18000279406,-3.77201669593,23.7776045173,6.09767303495,0.293203759429,0.0,-3.7490429058,-3.35830031661,5.33407346077,-0.0446635781823,0.135620219976,0.0,459.1076438011217,458.10402169523917,457.11951460228323,458.04185381758543
3.900000000000003,-3.41079923184,-3.97720377052,24.0983988334,6.09492231636,0.301074447407,0.0,-3.9447888894,-3.48143090677,5.35806551876,-0.0483193887843,0.120365614094,0.0,468.2061351293108,467.0322639005626,467.53839560548397,467.25229100377095
3.960000000000003,-3.65248072598,-4.18922398194,24.4173479106,6.0915256141,0.308546122076,0.0,-4.11189949361,-3.58618112778,5.27323094894,-0.0834997949809,0.13176240349,0.0,432.8119304504446,433.7847402671985,435.22939823359656,432.2713683032428
4.020000000000002,-3.90527157877,-4.40816186135,24.7340437041,6.08672912249,0.316714961012,0.0,-4.31506562809,-3.71208560275,5.28222313999,-0.0736392988429,0.143717272662,0.0,465.341181249306,466.2923823141055,465.40155601538714,466.16802631364476
4.080000000000001,-4.17037706179,-4.63471772403,25.0510569699,6.08190904063,0.325270307629,0.0,-4.52242566533,-3.84007839636,5.28378974205,-0.0991291355333,0.140234427685,0.0,465.48876108167724,465.23400718768113,467.1663079262468,465.168833621707
4.14,-4.44787506837,-4.86891607855,25.3674271261,6.07717283432,0.33391765352,0.0,-4.72815058017,-3.96688834925,5.26087108134,-0.0548845748911,0.150935670006,0.0,459.7193645951251,460.58526030392136,458.5257321491029,462.0225191769032
4.199999999999998,-4.73817584661,-5.11097295021,25.6831321007,6.07362358025,0.343204816202,0.0,-4.94921069279,-4.101861249,5.26142204074,-0.0694595890708,0.161540548181,0.0,469.5050513941594,470.34844252030035,470.84078229421016,469.7092166123834
4.259999999999997,-5.04220188329,-5.36135853439,25.9995029199,6.06933732354,0.352575068718,0.0,-5.18564520825,-4.2445419073,5.28279809318,-0.0757177866138,0.142392542477,0.0,479.9264658527718,478.4914312708363,480.04113533739127,479.56236225596894
4.319999999999996,-5.35885829516,-5.61938284631,26.3124183251,6.06495616021,0.360986932226,0.0,-5.37030627117,-4.35664011472,5.14733484474,-0.068108009294,0.13540680835,0.0,430.4224419116505,429.84959849652546,429.1963287742481,429.8375464672849
4.379999999999995,-5.6870676146,-5.88439288668,26.6179652032,6.06105829858,0.36891401047,0.0,-5.57068633123,-4.47734927935,5.0369772325,-0.0593230479568,0.124569359606,0.0,440.08342255034825,439.2013740811568,439.3048751896188,440.02975468901457
4.439999999999993,-6.02765303824,-6.15683243474,26.9173186887,6.05739976879,0.376764262852,0.0,-5.7828022961,-4.6042522319,4.94075766192,-0.0645023864793,0.141088221935,0.0,445.5072686025071,446.8717246007832,445.9596808846733,445.53364752405713
4.499999999999992,-6.38092086457,-6.43684346751,27.2103117229,6.05316131998,0.385147751694,0.0,-5.99349537585,-4.72976405019,4.82499274362,-0.0872040860358,0.136851683784,0.0,441.0654349719861,440.7335938612178,441.8341888475643,439.95388868614486
4.559999999999991,-6.74852811401,-6.72533017355,27.499938616,6.04745512586,0.39334777348,0.0,-6.26056384071,-4.886741732,4.82756819706,-0.119666532464,0.136295560001,0.0,482.0705524763756,482.04419336510307,484.33193794398534,481.8760744476555
4.6199999999999894,-7.1320672257,-7.0231962577,27.7889372148,6.04057419669,0.401266305668,0.0,-6.524546558,-5.04253227028,4.80408800221,-0.10622690896,0.121528938903,0.0,478.9689061325114,477.85875301160445,476.75249455666545,477.76771088056836
4.679999999999988,-7.5295023128,-7.32933468918,28.0715644295,6.03387852912,0.408511365509,0.0,-6.72401662774,-5.16259145405,4.61642529315,-0.125372533166,0.119149496657,0.0,423.7306106509553,423.53987384742175,425.4713489261099,423.81647001433186
4.739999999999987,-7.93963528701,-7.64311680128,28.344147395,6.02598311981,0.415278807892,0.0,-6.94769813414,-5.29734191169,4.46886348033,-0.148444577407,0.0953785490301,0.0,440.4756370867734,438.5159100262592,441.36393411713715,439.4384202807
4.799999999999986,-8.36490561987,-7.96602170987,28.6112033012,6.01660871286,0.420555463351,0.0,-7.22824137779,-5.46669585976,4.43127094706,-0.180214114724,0.0657960461848,0.0,481.98584033406024,479.7496996408852,480.32785106258984,477.88960098203506
4.859999999999984,-8.80582232276,-8.29847891267,28.8730070155,6.00549077141,0.42470975275,0.0,-7.46937497473,-5.61592312293,4.29447905008,-0.198122830607,0.0753572556624,0.0,449.57322787597093,450.3510654961465,450.4007479912934,448.91623931368133
4.919999999999983,-9.26122510364,-8.6399980773,29.1262509218,5.99314167565,0.429633996091,0.0,-7.71114492489,-5.76879804159,4.14585868325,-0.229243098075,0.0929198946351,0.0,446.9364880948168,448.37140651409385,450.0796563455713,447.5104808425642
4.979999999999982,-9.73061529312,-8.99046476058,29.3690728245,5.97990917892,0.435209355661,0.0,-7.93575001495,-5.91422918374,3.94727666299,-0.207211362511,0.0929281846915,0.0,433.4283946020332,433.4366190079085,431.3408140159514,433.14785841301364
5.0399999999999805,-10.2152893908,-9.35090885577,29.603256411,5.96719496944,0.440868406801,0.0,-8.2203088998,-6.10126020335,3.85693510023,-0.223471525087,0.0969588093299,0.0,473.1943026670516,473.5115200877486,475.44593563919284,474.156605733384
